3236	0.1938339129643576	0.09213932014601557	0.714026766889627
8185	0.42143432405946507	0.1770009106948929	0.40156476524564205
4804	0.0829709901010549	0.043007732754620824	0.8740212771443243
12112	0.36210921366917764	0.18012110187466707	0.45776968445615523
2721	0.40253092103573623	0.16906154894997608	0.42840753001428766
8435	0.5877811190745675	0.11639816820825495	0.2958207127171775
9041	0.024343155157675763	0.037856761519044574	0.9378000833232796
5298	0.43251858598984405	0.11739380404412843	0.4500876099660274
2588	0.45087813932033316	0.23618551757958725	0.3129363431000795
11990	0.11015025999529494	0.7033626761846717	0.18648706382003336
11995	0.10782805695977246	0.8077905212325688	0.08438142180765881
1998	0.3392728111499585	0.1865694125773113	0.4741577762727302
15147	0.37480306449556894	0.17987744985777945	0.4453194856466516
2756	0.5029759307017911	0.1403445933671084	0.35667947593110055
5194	0.5311715592696116	0.3434242705677709	0.12540417016261757
14372	0.4922716585591157	0.16049788532790066	0.34723045611298364
4607	0.5767598351119348	0.11951024609676272	0.30372991879130234
5660	0.1301534205454972	0.15043752250630485	0.7194090569481979
2090	0.28220505892260506	0.11852511667976742	0.5992698243976274
9204	0.09661297884928406	0.09286643303801756	0.8105205881126984
9593	0.2839261820799215	0.12234959404165685	0.5937242238784217
12945	0.34881242753179376	0.2058467487482672	0.445340823719939
4715	0.10160835669765876	0.04148636012020495	0.8569052831821363
950	0.34616776654322484	0.14471417602500786	0.5091180574317673
196	0.363454144538858	0.3425325802011966	0.29401327525994536
3933	0.1463697222541366	0.06147476049787799	0.7921555172479853
14805	0.6069625144523516	0.13084984813203349	0.26218763741561496
1511	0.6999930807072804	0.10712049195852685	0.1928864273341927
778	0.1839191953660033	0.7244653864611248	0.09161541817287193
6620	0.07483378879495749	0.1902897034558566	0.7348765077491858
12952	0.4316269980443754	0.30667123582584893	0.26170176612977575
10409	0.4756201757709257	0.14443168311760096	0.37994814111147335
14955	0.6618293854964841	0.1180317228331492	0.22013889167036665
13643	0.3337201068071095	0.18813732866271396	0.4781425645301767
711	0.17960896607353036	0.7004119664903868	0.11997906743608286
6843	0.2530876805049761	0.17017582892110297	0.5767364905739211
4287	0.05609268620509795	0.06652584024277577	0.8773814735521264
1336	0.4118219177161484	0.17075116358770115	0.41742691869615056
11599	0.5868975518644438	0.1421036360677289	0.2709988120678272
11350	0.16365201065008148	0.6194242295517873	0.21692375979813106
1955	0.5783862604615	0.14145770312474693	0.280156036413753
4573	0.5788337621539007	0.1202434765881216	0.30092276125797773
3871	0.4594167744697596	0.14414984171150405	0.39643338381873633
11002	0.12760930864220107	0.14069314111881193	0.731697550238987
7839	0.23977712645992053	0.11721907321535606	0.6430038003247234
7616	0.5781679991177945	0.11980203137139482	0.3020299695108107
9587	0.2786640144179394	0.1155407292932852	0.6057952562887753
3283	0.40907647598960384	0.17627941320054488	0.4146441108098514
14721	0.24253119698363876	0.6320872590479433	0.12538154396841802
6019	0.6429896279780665	0.11885571905575268	0.2381546529661807
4580	0.5705308027967207	0.1290195752774498	0.30044962192582947
6863	0.4361933946617468	0.163643159436098	0.4001634459021552
2671	0.46848468933928994	0.15008387873125972	0.38143143192945017
8990	0.06254540206361672	0.054385879258175174	0.8830687186782081
11349	0.44648937160149377	0.1765053862059452	0.3770052421925609
14037	0.6610182344092638	0.10381841505532127	0.2351633505354149
13229	0.2946428531790756	0.21826892368028114	0.48708822314064326
2996	0.44108802219500376	0.1578198705020565	0.40109210730293965
9011	0.0629361655028266	0.0685238631682755	0.8685399713288979
2701	0.6407269326202814	0.1034269949574333	0.2558460724222854
6972	0.40979013184853447	0.16990873683445762	0.42030113131700786
12366	0.40979013184853447	0.16990873683445762	0.42030113131700786
13595	0.2149654078975433	0.6363922322467289	0.14864235985572774
1131	0.17764805436613604	0.08823920237608619	0.7341127432577776
14408	0.374784129882125	0.1681639161728263	0.4570519539450487
7058	0.23923044477659103	0.10442510467903222	0.6563444505443767
13073	0.4920515472787031	0.37045812452364485	0.1374903281976521
2213	0.3516880922491244	0.33010292656560153	0.318208981185274
1275	0.4100723604992769	0.1834551137650829	0.40647252573564024
321	0.31693425615842397	0.41418248078285513	0.268883263058721
14087	0.24941214571130044	0.21194335184848875	0.5386445024402109
3641	0.42419974026674334	0.3929314149186014	0.1828688448146552
2120	0.39275329284770866	0.18802103966827508	0.41922566748401624
3667	0.7669126242077099	0.08519892055414302	0.1478884552381471
2868	0.42087731643678394	0.17397793171997156	0.40514475184324455
1995	0.399375968854204	0.17432930575720365	0.42629472538859237
4297	0.17449642063375406	0.09061031112628443	0.7348932682399614
14726	0.8117933922951295	0.06265765210998427	0.12554895559488635
3940	0.18120737430463388	0.08323107913077016	0.7355615465645959
15183	0.3699367597942966	0.1887830506030667	0.4412801896026367
13471	0.2847075389967892	0.21577669866390586	0.49951576233930495
11851	0.18208914947610316	0.6118535183812498	0.20605733214264696
13169	0.6577563788165541	0.11814139401832945	0.22410222716511644
4999	0.34074988371113746	0.13073725503666958	0.528512861252193
14676	0.35914066338060663	0.18095933086371296	0.4599000057556804
8606	0.474989708124639	0.12397035292004646	0.4010399389553146
2838	0.12532879330943295	0.14673807790437812	0.727933128786189
4761	0.08433180242710443	0.04669288250268408	0.8689753150702114
3263	0.2083602166326231	0.0904790620853594	0.7011607212820176
9932	0.1463697222541366	0.06147476049787799	0.7921555172479853
11071	0.05868120203684438	0.7116119578152	0.2297068401479554
14790	0.3192064845428501	0.4572113803305729	0.223582135126577
4703	0.07898566212867089	0.044682238081885234	0.8763320997894439
6762	0.3303918407179149	0.10173302064505242	0.5678751386370328
8447	0.43989141377945334	0.1801715132171526	0.3799370730033942
5843	0.17089904081260457	0.07177698667099183	0.7573239725164036
2484	0.4118349495614493	0.2299963735194237	0.358168676919127
5334	0.4056948931165869	0.17995489813145357	0.41435020875195955
12424	0.40202645912697005	0.1688496767502881	0.42912386412274195
4090	0.7913451954175944	0.07672242911887851	0.13193237546352693
1696	0.28637372336522193	0.5365740374985386	0.1770522391362394
5032	0.14116339929980498	0.0768911881766497	0.7819454125235454
7513	0.1385408730227549	0.049501382426406185	0.8119577445508389
3014	0.47667067265766583	0.14777240415468737	0.37555692318764694
10457	0.3400132980295406	0.17656561487753394	0.48342108709292536
3102	0.4039679035489357	0.1763337047442324	0.41969839170683204
4152	0.47836095875234436	0.1472951183866828	0.3743439228609729
11640	0.1725052956945223	0.6468000540874771	0.18069465021800052
6485	0.2786218445794722	0.1875890139620099	0.5337891414585179
6842	0.0800308580686038	0.05948652768976144	0.8604826142416346
6852	0.5995254543667834	0.12064997742533494	0.2798245682078816
1930	0.18960162382131354	0.09012749343139338	0.7202708827472931
2831	0.06254540206361672	0.054385879258175174	0.8830687186782081
6986	0.07475850175122845	0.053677343435277004	0.8715641548134946
1830	0.399375968854204	0.17432930575720365	0.42629472538859237
14231	0.4684254857578368	0.3784653664366266	0.15310914780553647
1821	0.38178643542938157	0.18237447105541882	0.4358390935151995
15178	0.41287876279463115	0.28354891031706947	0.30357232688829944
6778	0.10843860300351893	0.08136832855694474	0.8101930684395363
13810	0.48596906102963866	0.16680434494948757	0.3472265940208738
7619	0.35911680127218537	0.36125078612608263	0.2796324126017319
537	0.1976517616922199	0.6826938480417073	0.11965439026607265
13520	0.3032354432164822	0.21139627308690373	0.48536828369661406
11888	0.5522248910951343	0.1556643181281204	0.2921107907767453
7183	0.44835745214648387	0.21704755759559594	0.33459499025792006
5593	0.09533909597317433	0.055258613851645405	0.8494022901751803
9824	0.39760634696723435	0.3186156228750162	0.28377803015774933
1737	0.24841165906595186	0.11418820267483237	0.6374001382592156
6444	0.0791543461448644	0.04264203442367155	0.8782036194314642
1876	0.21711586086646562	0.09863148838946974	0.6842526507440647
3725	0.6459395792969344	0.11787362270040662	0.23618679800265907
10951	0.09818048702885888	0.6307310926396352	0.2710884203315059
14142	0.399375968854204	0.17432930575720365	0.42629472538859237
3156	0.47836095875234436	0.1472951183866828	0.3743439228609729
13940	0.47836095875234436	0.1472951183866828	0.3743439228609729
2477	0.421977152568298	0.18717725264144872	0.3908455947902532
14342	0.5359157914068008	0.16611306902857084	0.29797113956462834
572	0.18652186966722378	0.6827726046761234	0.13070552565665278
7258	0.6903565836933018	0.08743395347377483	0.22220946283292353
12477	0.3724949511896913	0.26465717324852367	0.362847875561785
5805	0.3331899390657991	0.17316015085654918	0.4936499100776518
5568	0.06254540206361672	0.054385879258175174	0.8830687186782081
9538	0.5746667885414761	0.08409858358037473	0.341234627878149
12970	0.23983649691040104	0.10866647020007454	0.6514970328895243
4987	0.2926250441228093	0.15953800137792853	0.5478369544992623
5395	0.09205701963458919	0.052673780055225515	0.8552692003101853
10010	0.4322095672874564	0.18152647436028702	0.3862639583522566
9032	0.0646883600929808	0.05771230238423161	0.8775993375227875
2171	0.25450186097547683	0.11308885974666039	0.632409279277863
5228	0.3637708172062032	0.1339765996024111	0.5022525831913859
10339	0.477752412898886	0.20583561413576054	0.31641197296535356
12147	0.694871805987055	0.10784092248831881	0.1972872715246262
14195	0.3372114927944225	0.17829513920197493	0.48449336800360276
3930	0.14798568610147467	0.0613583857709287	0.7906559281275968
12167	0.6707476558738785	0.11181548394135205	0.2174368601847693
8386	0.574705448504516	0.14902800640572095	0.27626654508976295
414	0.3464009487265839	0.5205804758685305	0.13301857540488557
4034	0.6152491298313973	0.1366618103439611	0.24808905982464144
4603	0.5045567204851411	0.15274746214717325	0.3426958173676857
13545	0.6038223288094765	0.1314260642721404	0.26475160691838323
12174	0.3245397001235791	0.49074924537481407	0.18471105450160674
2866	0.40202645912697005	0.1688496767502881	0.42912386412274195
8	0.14916710368555422	0.403443771501684	0.44738912481276183
6910	0.32102907941354375	0.49806689532776677	0.18090402525868937
2840	0.3365272815175097	0.18734466726545437	0.47612805121703594
13525	0.30258713104229623	0.22708698771394412	0.47032588124375957
7627	0.7557269244679464	0.0776022598003747	0.166670815731679
8626	0.5227420623869742	0.10667672999537983	0.37058120761764607
11905	0.11700936064335965	0.6679934759588154	0.21499716339782496
13500	0.10865985902891515	0.754605799288472	0.13673434168261264
10599	0.3998737969125937	0.1745466098179726	0.42557959326943373
7079	0.1593321407271361	0.06472962466995323	0.7759382346029107
3846	0.5941227645022245	0.12153320288280689	0.28434403261496854
1166	0.21542950283330586	0.20837729382525366	0.5761932033414405
10338	0.6007716270742602	0.18043078525472445	0.21879758767101526
11951	0.3337201068071095	0.18813732866271396	0.4781425645301767
14888	0.26513807331361383	0.583099061930952	0.15176286475543416
8823	0.060865121591802275	0.05292480413762478	0.8862100742705729
10790	0.09629017919053079	0.6915817839310473	0.21212803687842183
741	0.051506077012700734	0.9223215314324497	0.02617239155484965
7172	0.42709732499082437	0.16177042105148032	0.41113225395769526
2651	0.6001218892749441	0.12233492705945237	0.2775431836656035
13159	0.21694362796105685	0.5605482021795709	0.22250816985937222
1872	0.20534852034024098	0.10422558382167733	0.6904258958380816
2992	0.644736462303531	0.1367509113032426	0.2185126263932265
4883	0.08381432596610043	0.04457486391623891	0.8716108101176608
14677	0.3865441585101846	0.2008578166877304	0.4125980248020852
965	0.3451151871561205	0.14494714581589813	0.5099376670279815
5345	0.42725933520598897	0.18952028099750015	0.3832203837965108
8151	0.4097766333020554	0.23731985165541253	0.3529035150425322
5824	0.13329912688087367	0.09328127267677043	0.773419600442356
10276	0.31767689025460377	0.14545665221001605	0.5368664575353801
7017	0.05707612869619163	0.05662408881500766	0.8862997824888006
5098	0.5912611281497261	0.12094782919880678	0.2877910426514672
2897	0.3089244264226135	0.14266671368120132	0.5484088598961852
11655	0.19228045830518242	0.5367454463688155	0.27097409532600214
5300	0.38740342900753233	0.13467160474585727	0.47792496624661046
11724	0.5890390549352145	0.11628667721355727	0.29467426785122836
7775	0.0633045515443165	0.05434183764582708	0.8823536108098565
4201	0.40836799899686704	0.17649076019126572	0.4151412408118675
5961	0.6429896279780665	0.11885571905575268	0.2381546529661807
4362	0.12880684880275486	0.07799746362963847	0.7931956875676066
9997	0.4250475669940399	0.21599725615932464	0.3589551768466354
14068	0.31040110243093827	0.16842918913775248	0.5211697084313093
14835	0.49570079996104915	0.16796816446881443	0.33633103557013627
14032	0.6550279101910975	0.09740970439438328	0.24756238541451908
3557	0.02250606212717097	0.05182893857063947	0.9256649993021897
601	0.06392739905242954	0.8987703371750434	0.03730226377252705
1432	0.17926307267031757	0.6943303098847986	0.12640661744488382
12978	0.3206000210370528	0.28272666381944594	0.3966733151435012
14446	0.43850603064556437	0.16724683753713077	0.3942471318173049
10421	0.43073187517373007	0.11987599702886204	0.44939212779740784
7582	0.6570673058001476	0.11987696748133798	0.22305572671851445
3657	0.6469006996596236	0.11545471368304233	0.23764458665733398
7591	0.6402667116063606	0.10891976580238444	0.25081352259125506
1436	0.3476690248959739	0.4367036989153392	0.21562727618868674
9901	0.1528241692286752	0.06418560517118471	0.78299022560014
12619	0.24934733828930047	0.4886981059232881	0.2619545557874113
14763	0.442736696944922	0.14988675729469014	0.40737654576038795
3273	0.2083602166326231	0.0904790620853594	0.7011607212820176
12495	0.31709268875529883	0.1928324095840891	0.490074901660612
5664	0.04902856575241716	0.32608546513333364	0.6248859691142491
10765	0.025808772335950518	0.03616129980036937	0.93802992786368
15158	0.5504186411305505	0.32575534454347477	0.12382601432597472
6124	0.6665881598256367	0.12004485185779454	0.21336698831656878
11816	0.20478860834134996	0.30186887984570393	0.49334251181294614
11819	0.19011388691888273	0.6758280886551292	0.13405802442598802
8028	0.6736728439091557	0.1197687740978923	0.2065583819929518
15055	0.4303570491899229	0.16511729566566105	0.4045256551444161
125	0.463490716372875	0.1514940259425356	0.3850152576845894
3514	0.0633045515443165	0.05434183764582708	0.8823536108098565
2212	0.43877395993795065	0.18202734088863395	0.3791986991734153
13522	0.11691662046838514	0.5385928703643139	0.3444905091673009
11662	0.2744653524854891	0.5676865650843592	0.1578480824301518
1521	0.6427058831579282	0.14581208620546104	0.21148203063661072
6360	0.19183001964820895	0.09236835157113296	0.7158016287806582
12626	0.27473109560382825	0.20522415083811033	0.5200447535580613
11723	0.23183032921741134	0.6041658117890296	0.16400385899355915
8201	0.09759981956400257	0.2653651131167301	0.6370350673192672
11333	0.40202645912697005	0.1688496767502881	0.42912386412274195
12345	0.4674866006214976	0.17736553665313612	0.3551478627253662
13249	0.202505018601618	0.59511824781209	0.202376733586292
7794	0.10274241401637535	0.09247865280353751	0.8047789331800871
5665	0.12618289653629577	0.14092318300451495	0.7328939204591893
2526	0.2394810025351165	0.27089091912159696	0.4896280783432865
11145	0.07556340995201649	0.717643097732908	0.20679349231507543
14636	0.4904591548439977	0.2906395898678303	0.21890125528817206
5891	0.27998774513216257	0.07103497092302599	0.6489772839448114
5928	0.7014472961211812	0.10195802829296499	0.1965946755858539
11564	0.15325993678978206	0.7207016716481979	0.12603839156202012
11306	0.2733878115713477	0.20517334756965144	0.5214388408590008
4909	0.4409356489975491	0.15786289609328602	0.401201454909165
6819	0.08097847919157342	0.04197492144790657	0.87704659936052
2395	0.4988697494984837	0.16264909518237283	0.33848115531914336
10733	0.04570886133318332	0.4455532227737603	0.5087379158930565
1223	0.4814090873412504	0.20219009703674565	0.3164008156220039
11294	0.3123909369506691	0.16309838234584537	0.5245106807034855
3435	0.43058495517389805	0.11779381058442509	0.45162123424167677
3552	0.03236745920089593	0.043868663352392624	0.9237638774467114
7304	0.055922699769782154	0.05477009145160638	0.8893072087786116
3281	0.18720763868036872	0.1891996638089632	0.623592697510668
1023	0.18147153813579794	0.07524241659254051	0.7432860452716616
8963	0.027161679733522293	0.04505399331464031	0.9277843269518374
11818	0.34442775596163594	0.557700988475762	0.097871255562602
10212	0.07907846276248773	0.04099005434300665	0.8799314828945056
4239	0.3212749753804883	0.14779032716482216	0.5309346974546896
14171	0.18823073352040953	0.6031471563731958	0.20862211010639461
2598	0.5024619046489152	0.17798229204681593	0.3195558033042691
5018	0.1427314946871171	0.07675079742315076	0.7805177078897322
2005	0.42709732499082437	0.16177042105148032	0.41113225395769526
14651	0.12576477548493933	0.808762600832066	0.06547262368299474
101	0.3181768500222749	0.4043411796550005	0.27748197032272465
2306	0.3931152154194179	0.1872728002038359	0.4196119843767461
14355	0.4673305999878909	0.15460567990439975	0.3780637201077092
5638	0.04445134985597776	0.047126152809245356	0.9084224973347769
7375	0.46026836251551484	0.152269299564462	0.3874623379200231
1716	0.7989406240411943	0.08180680165829722	0.11925257430050845
1450	0.3019335883505796	0.4878827175050025	0.21018369414441782
5517	0.06254540206361672	0.054385879258175174	0.8830687186782081
1704	0.6736728439091557	0.1197687740978923	0.2065583819929518
3822	0.40870694422949116	0.17165545662991424	0.4196375991405946
5050	0.3123909369506691	0.16309838234584537	0.5245106807034855
9185	0.09093631853084445	0.1461666126249741	0.7628970688441814
5693	0.25375261871361926	0.10320072073518355	0.6430466605511972
5766	0.15449849487412642	0.06405875121607477	0.7814427539097988
12866	0.20999509099905242	0.5514839350369033	0.2385209739640444
11776	0.13264384328752943	0.6795748752401942	0.18778128147227643
13755	0.33893677083847656	0.37236252955076166	0.2887006996107618
14905	0.2733878115713477	0.20517334756965144	0.5214388408590008
1464	0.15594163577189926	0.6823084108457226	0.16174995338237827
8251	0.17754411644899515	0.0928392849469694	0.7296165986040354
1584	0.6663815780622308	0.12929565340265245	0.20432276853511677
12848	0.3335482756872596	0.200294391682952	0.46615733262978837
12751	0.2943859227784713	0.19924411484053603	0.5063699623809927
14889	0.20458315291111834	0.5876622078440248	0.20775463924485688
12034	0.16259148446787897	0.2775500202905022	0.5598584952416189
1556	0.7094155093600953	0.11177792579510124	0.17880656484480337
9192	0.03946992550015555	0.09874062805431874	0.8617894464455259
13205	0.5036796548048391	0.16653916717080644	0.32978117802435447
13314	0.32749240937221796	0.18989584242110663	0.4826117482066754
6298	0.3350582175208419	0.1367372296312012	0.5282045528479569
12864	0.7468339220584431	0.0903954978113348	0.16277058013022203
38	0.5549139413678256	0.2255528903379889	0.2195331682941854
235	0.6762312675163368	0.1220314311255566	0.2017373013581066
14671	0.3656717905089893	0.17911513771959423	0.4552130717714164
3310	0.17512986542014683	0.18571202152410757	0.6391581130557455
10151	0.3705991866802441	0.18468509310036335	0.4447157202193925
9524	0.2794017362160444	0.11920871065213727	0.6013895531318183
3079	0.46546895074775846	0.16184489614135578	0.3726861531108859
908	0.17493499984809557	0.16487775348710004	0.6601872466648044
6103	0.5531184433847569	0.21814302320036802	0.22873853341487513
9769	0.24149348838490492	0.10095547467058155	0.6575510369445134
5973	0.8482069641888574	0.05419923217205099	0.09759380363909152
5851	0.18980367269168083	0.07189138927318314	0.7383049380351361
8835	0.029557743724773544	0.07657634158091242	0.8938659146943141
4059	0.5451542089716774	0.17235044027759955	0.2824953507507231
7903	0.6304254993637239	0.13756081103736592	0.23201368959891017
13426	0.22159461150029383	0.556362901996142	0.2220424865035642
10834	0.40202645912697005	0.1688496767502881	0.42912386412274195
6779	0.19313447554955612	0.09541527798644628	0.7114502464639976
2464	0.4264698458072363	0.1715706399872238	0.40195951420553977
12255	0.5582192315966407	0.14335898113917347	0.29842178726418594
2991	0.43836879580014504	0.16301175584494143	0.3986194483549135
8721	0.5224611761834305	0.13484254824957465	0.34269627556699495
12976	0.6354507716224217	0.12356344743358062	0.24098578094399764
9042	0.05694938268534763	0.058718994972807595	0.8843316223418448
8359	0.3606346162296253	0.1514652505896506	0.4879001331807241
15244	0.6194967215607676	0.10744263947379448	0.27306063896543803
4591	0.49936330512359134	0.1630495121158656	0.33758718276054306
13182	0.4733915207058806	0.15944610655964933	0.36716237273447017
9465	0.10550151803613121	0.1442585327883675	0.7502399491755012
3761	0.6533679079078402	0.12790021372537644	0.21873187836678334
6785	0.1938339129643576	0.09213932014601557	0.714026766889627
8231	0.48552252406777496	0.17954755081927778	0.33492992511294734
4033	0.6336423510045589	0.1379231386938337	0.22843451030160736
2718	0.37943377806843426	0.17522916786972223	0.4453370540618434
10873	0.07635536291064823	0.7070424108670704	0.21660222622228134
3960	0.7164316403014113	0.1048449073147798	0.17872345238380882
13752	0.5068261870894446	0.17396335882284736	0.319210454087708
4326	0.14148650000395457	0.07706717995048061	0.7814463200455648
1394	0.15659527474102694	0.20314516342795802	0.640259561831015
2791	0.13865509376371535	0.08854458519421696	0.7728003210420678
9671	0.2102847376918468	0.11428155202635097	0.6754337102818022
8240	0.48752088429483326	0.17004647057405897	0.3424326451311077
4221	0.37533133241690536	0.2083351123326175	0.41633355525047705
8041	0.6752310905806518	0.13214159066669734	0.19262731875265077
14495	0.17731268069829398	0.731959830976246	0.09072748832546008
4409	0.6303656213174231	0.10437359028499058	0.2652607883975863
3005	0.4904885013528925	0.1478841691782088	0.3616273294688986
5074	0.5767598351119348	0.11951024609676272	0.30372991879130234
2488	0.41184921570220556	0.17217206700684617	0.4159787172909482
211	0.22189521589799235	0.6126306588419403	0.1654741252600672
11767	0.4958624690854712	0.17341890987209455	0.3307186210424342
1322	0.3563651601074214	0.49337806940865186	0.1502567704839267
9604	0.24017895287567623	0.10087430226196281	0.658946744862361
12074	0.7560234083179471	0.11693350220598188	0.12704308947607093
11807	0.0657412672822403	0.7796136807926309	0.1546450519251287
7294	0.021425168485721176	0.029038617860709996	0.9495362136535688
15043	0.24426608574832276	0.21339644383650175	0.5423374704151755
12381	0.6120047182286482	0.10955815505161338	0.2784371267197384
5259	0.4010827417387453	0.12389687753493564	0.475020380726319
146	0.8037875312762303	0.08635089891308839	0.10986156981068132
14329	0.1376749276448174	0.3821930721566082	0.4801320001985744
11531	0.254373031840951	0.4198878616302937	0.32573910652875515
3483	0.04474282123112294	0.05541868555489741	0.8998384932139797
5741	0.14371583711140448	0.06211191230856089	0.7941722505800347
3206	0.1938339129643576	0.09213932014601557	0.714026766889627
13212	0.29429717793758936	0.602855838883488	0.1028469831789226
4494	0.5823648305677945	0.12381029684860279	0.29382487258360257
13845	0.40866559960961074	0.48016516413519167	0.1111692362551975
6865	0.4067886919810066	0.17253541369750808	0.42067589432148533
8393	0.552231405643152	0.09262904004482854	0.3551395543120195
5532	0.06254540206361672	0.054385879258175174	0.8830687186782081
6418	0.40202645912697005	0.1688496767502881	0.42912386412274195
11689	0.4405575866388333	0.1579696494907146	0.4014727638704521
7161	0.12914728545981302	0.09771228653222	0.7731404280079669
2512	0.4218328467320687	0.1771682887938193	0.400998864474112
6954	0.6073396781856577	0.0831754726961411	0.3094848491182013
4385	0.339356060691152	0.0895328031364787	0.5711111361723693
12443	0.5068261870894446	0.17396335882284736	0.319210454087708
13632	0.45501630315488617	0.2862862613382269	0.2586974355068869
11389	0.34585650179014393	0.46770264584065313	0.18644085236920285
8441	0.36493827090625924	0.09337687832823045	0.5416848507655103
13537	0.5133995285486721	0.1673863145028242	0.31921415694850375
13867	0.41909011742338137	0.18334919028943567	0.3975606922871831
11015	0.0879752992354687	0.7656239915126055	0.1464007092519257
10160	0.3420715901558741	0.5088270710586217	0.14910133878550438
14784	0.2733878115713477	0.20517334756965144	0.5214388408590008
2217	0.411432663465334	0.1834011344614227	0.4051662020732434
226	0.5963114913078228	0.1685641501592888	0.23512435853288838
7038	0.12618289653629577	0.14092318300451495	0.7328939204591893
8831	0.07475850175122845	0.053677343435277004	0.8715641548134946
2425	0.30150352559659116	0.5020791488441163	0.19641732555929256
10857	0.10298620444082966	0.7087980569469027	0.18821573861226745
3669	0.5829142157165926	0.19619721554527425	0.2208885687381332
13571	0.4909013467339428	0.1838666282247186	0.32523202504133863
8710	0.47836095875234436	0.1472951183866828	0.3743439228609729
549	0.14265698110072653	0.6935183998069272	0.16382461909234627
6380	0.2539175014550277	0.10664444358967326	0.6394380549552989
7464	0.2656450073047768	0.1115699541546181	0.6227850385406051
10247	0.5363464113202397	0.1651497822015769	0.2985038064781833
5389	0.04789527739299342	0.05523579765764499	0.8968689249493615
9347	0.09661297884928406	0.09286643303801756	0.8105205881126984
2371	0.5318402374278546	0.13219418448245873	0.33596557808968686
10365	0.06803694071589082	0.045633925927147254	0.8863291333569618
2499	0.5363464113202397	0.1651497822015769	0.2985038064781833
9681	0.24017895287567623	0.10087430226196281	0.658946744862361
9044	0.06241198903911533	0.05640292984378153	0.8811850811171031
5452	0.08169490300784506	0.06143975038751015	0.8568653466046448
1934	0.07269255900463883	0.144204463648007	0.7831029773473542
9879	0.40316702390114656	0.42959588142385624	0.16723709467499714
11264	0.6550279101910975	0.09740970439438328	0.24756238541451908
12236	0.7008504195196747	0.10428903002259182	0.1948605504577334
11024	0.1846323357499344	0.12071998466713264	0.6946476795829329
11183	0.8117933922951295	0.06265765210998427	0.12554895559488635
13235	0.13862976549554293	0.24322495180314294	0.6181452827013142
4542	0.5740632821006155	0.12362684221317362	0.30230987568621076
2973	0.6779876114043966	0.09092657786258264	0.23108581073302087
2257	0.06815456146419073	0.04398403910679134	0.8878613994290179
3949	0.18543874512658812	0.685118589219877	0.1294426656535349
3321	0.08381432596610043	0.04457486391623891	0.8716108101176608
6645	0.062443189816059334	0.04540724843889415	0.8921495617450463
7448	0.681189835812669	0.10424301659621003	0.21456714759112086
5429	0.0633511932221513	0.05433913175621417	0.8823096750216346
3572	0.10042204691852587	0.09247486823078918	0.807103084850685
819	0.2071762690613653	0.39422338764357717	0.3986003432950575
13158	0.35914066338060663	0.18095933086371296	0.4599000057556804
3369	0.13452146290589456	0.16161992200481745	0.7038586150892878
5291	0.44912060543556354	0.11422395091714983	0.4366554436472865
2363	0.47529947745143525	0.15523054475275125	0.3694699777958136
11401	0.5269959218128333	0.13063140193993522	0.3423726762472316
325	0.32428655860371497	0.536527062339801	0.13918637905648407
573	0.137755526512077	0.7743005530457814	0.08794392044214153
1010	0.1727310171816072	0.07161838868366305	0.7556505941347297
9776	0.26317748223390064	0.10097465401892797	0.6358478637471714
9349	0.18955239975132626	0.08609424475537532	0.7243533554932984
9121	0.09731030197695865	0.10980715466748975	0.7928825433555516
14234	0.05235722397328478	0.9372565763735052	0.010386199653209884
8389	0.5841052699146075	0.11743611704715491	0.29845861303823756
4368	0.3360106991297676	0.11317396994931361	0.5508153309209188
590	0.0941339783083736	0.8644181360696165	0.041447885622009725
11913	0.2469732107626297	0.5552832110831152	0.19774357815425508
13984	0.1773745379975973	0.24442157230918982	0.5782038896932129
9214	0.040176709658591235	0.10889196536889516	0.8509313249725136
14221	0.5771336982722125	0.20067105078972367	0.2221952509380637
10258	0.6129135476333095	0.1356063009253768	0.2514801514413137
11025	0.08645331209534468	0.8212662458831841	0.09228044202147116
7091	0.22542587915922818	0.1695068539146026	0.6050672669261691
5016	0.16945984232633934	0.0836426626739835	0.7468974949996771
6242	0.801380624926538	0.08315659447170301	0.11546278060175903
2266	0.3720911847073288	0.29670984154765173	0.3311989737450193
14075	0.3610459607893713	0.2127202673240295	0.42623377188659933
14057	0.40345781068969055	0.18270028330255478	0.41384190600775456
14263	0.6549645437478663	0.12875034683792155	0.21628510941421203
12234	0.6868030127951605	0.10510200548679628	0.20809498171804325
12460	0.31675291927930305	0.19804670641430036	0.48520037430639656
997	0.36147702490410716	0.24061943245708495	0.3979035426388079
14218	0.6336660691708729	0.13622314688445614	0.23011078394467108
2972	0.6560787663107813	0.0971129743486682	0.24680825934055042
5007	0.41889755090918973	0.14069092780882325	0.4404115212819869
12556	0.6429896279780665	0.11885571905575268	0.2381546529661807
880	0.3025829557483935	0.4918742392108945	0.20554280504071204
7980	0.3028982264443381	0.188978231045223	0.5081235425104389
49	0.26223122858889514	0.4719547301435854	0.26581404126751956
13609	0.6429520770773334	0.1457597026456858	0.21128822027698085
2559	0.7742277651899965	0.08041830434701645	0.14535393046298697
10133	0.4190011106232414	0.26010529108856456	0.320893598288194
8676	0.43982981932688026	0.11615038038053374	0.44401980029258603
6270	0.6576370867036695	0.1287359279895907	0.21362698530673965
4122	0.19690592659688858	0.09481245890343584	0.7082816144996755
15068	0.44677545943055486	0.16242860396460534	0.3907959366048398
14339	0.49277135900098085	0.16066080525802928	0.34656783574099
1986	0.40202645912697005	0.1688496767502881	0.42912386412274195
14719	0.38240130529739047	0.1827140963222515	0.434884598380358
6428	0.40202645912697005	0.1688496767502881	0.42912386412274195
7094	0.3465731412489318	0.14299513514596734	0.5104317236051008
14426	0.5503026186296055	0.1535877134670798	0.2961096679033148
14961	0.5020287653940749	0.14795908678884676	0.3500121478170784
10696	0.3243831910679812	0.11295569873656504	0.5626611101954537
13315	0.6104550404188189	0.12994026255813784	0.2596046970230433
2590	0.6346456923276609	0.10316502743538382	0.26218928023695526
7396	0.25944789693719444	0.47444944190641963	0.2661026611563859
4777	0.13260888025200654	0.04067976592797637	0.8267113538200171
10714	0.1874846347318387	0.6186046540955628	0.19391071117259862
13734	0.20428820550881704	0.5776541464124588	0.2180576480787241
13976	0.27486322552895426	0.5697385697560904	0.15539820471495544
6083	0.6429896279780665	0.11885571905575268	0.2381546529661807
9026	0.06497642591709502	0.05424484483361736	0.8807787292492877
6475	0.4083501641955123	0.08334813989671618	0.5083016959077716
5364	0.23259506986973374	0.10720617156077107	0.6601987585694952
5443	0.0633045515443165	0.05434183764582708	0.8823536108098565
9988	0.14798568610147467	0.0613583857709287	0.7906559281275968
6832	0.10332492595932419	0.04777086128605061	0.8489042127546252
9626	0.15344600631211205	0.12777967441034502	0.718774319277543
12842	0.2763086284514508	0.22761330890050918	0.4960780626480399
13308	0.43889701265420006	0.1639502254543219	0.3971527618914782
7610	0.46723327658045377	0.2789079229417227	0.2538588004778236
4740	0.08285315653546588	0.04535737048143544	0.8717894729830987
2325	0.47836095875234436	0.1472951183866828	0.3743439228609729
12958	0.18572443921714824	0.6764667644998796	0.13780879628297213
11515	0.5267129684320374	0.1751362612083572	0.2981507703596055
3821	0.40119579135405997	0.18320316285581975	0.4156010457901203
1550	0.8021615348762459	0.07134919414746119	0.12648927097629295
4900	0.42355256071723635	0.17162853374519346	0.40481890553757016
5446	0.06254540206361672	0.054385879258175174	0.8830687186782081
7461	0.24822435931376954	0.18560731850841686	0.5661683221778135
2811	0.06241198903911533	0.05640292984378153	0.8811850811171031
1911	0.1938339129643576	0.09213932014601557	0.714026766889627
13769	0.3187242500689408	0.20795086706725874	0.47332488286380037
11072	0.15124967520232066	0.597065803066999	0.25168452173068023
30	0.21693147100650031	0.6353389435632398	0.14772958543025982
13631	0.40794593473429075	0.19640515176023968	0.3956489135054697
2916	0.17707813501803718	0.2842948078988955	0.5386270570830672
4876	0.07907846276248773	0.04099005434300665	0.8799314828945056
12519	0.16305407809934624	0.2718171620476085	0.5651287598530451
3796	0.5921018057403192	0.14529014675421925	0.26260804750546146
9364	0.08598675451719681	0.09395878828253473	0.8200544572002685
7285	0.06298434908307034	0.06781073018939798	0.8692049207275319
8122	0.4072272200456854	0.17947928215084216	0.41329349780347235
12552	0.39100619956237903	0.17652357369193372	0.43247022674568725
202	0.32665114353553554	0.3248482130249101	0.3485006434395544
9382	0.12070434156753032	0.14180672648449869	0.7374889319479709
12715	0.39171838081401567	0.2305833709157626	0.3776982482702218
371	0.2730186188430661	0.5699875347868235	0.15699384637011038
9306	0.13686779346912473	0.08872831619681096	0.7744038903340643
98	0.5325082551808685	0.15244961145637131	0.3150421333627602
1839	0.4840313073165782	0.14569398312451967	0.37027470955890224
11542	0.7317853645070516	0.11032441970129024	0.15789021579165827
6609	0.3731362978431969	0.1567159122099593	0.47014778994684386
2059	0.27960121750966216	0.11592931598948905	0.6044694665008489
9958	0.16528805747175002	0.0623149991812575	0.7723969433469925
6978	0.06241198903911533	0.05640292984378153	0.8811850811171031
6006	0.5818571679698794	0.15068892467106135	0.2674539073590592
7661	0.5035021288337354	0.11097724138562119	0.38552062978064355
9210	0.0386731703863381	0.09882253293416834	0.8625042966794936
5196	0.7141637356361228	0.08066335396683237	0.20517291039704488
6433	0.32742861837598647	0.1415099270939617	0.5310614545300518
2552	0.5742917527373386	0.1675223409889444	0.258185906273717
375	0.09806795998601374	0.8219157011222915	0.08001633889169481
3100	0.4962774126548319	0.15628208844146815	0.3474404989037002
1093	0.22812575825780895	0.07024363078725239	0.7016306109549386
10969	0.3656717905089893	0.17911513771959423	0.4552130717714164
14738	0.27913278008001646	0.20355114188775275	0.5173160780322308
12135	0.3680565186807781	0.44166901290537086	0.19027446841385104
3579	0.13016159076799044	0.14592730992145453	0.7239110993105552
4160	0.40202645912697005	0.1688496767502881	0.42912386412274195
706	0.40852194361396243	0.24459944262379624	0.3468786137622415
5116	0.46333411826093224	0.16942458116505346	0.36724130057401444
6234	0.6275824722690589	0.16752549474488407	0.20489203298605702
5396	0.06497642591709502	0.05424484483361736	0.8807787292492877
10387	0.39523273385326296	0.27773425520750855	0.3270330109392285
11864	0.19638587080229886	0.5651523477285915	0.23846178146910954
956	0.39514461355688063	0.16595932619356513	0.43889606024955424
4247	0.06254540206361672	0.054385879258175174	0.8830687186782081
13447	0.5133995285486721	0.1673863145028242	0.31921415694850375
2834	0.12760930864220107	0.14069314111881193	0.731697550238987
6723	0.8024295727522384	0.07779708068599311	0.11977334656176851
1083	0.1639727215563246	0.0570137880253157	0.7790134904183598
3375	0.5250404080736759	0.14395222850968237	0.3310073634166418
11713	0.7295430542858576	0.0900403945533049	0.18041655116083732
13865	0.2289976260118282	0.4932800105803765	0.2777223634077955
7376	0.4836778025418456	0.12329670708449798	0.3930254903736565
15143	0.2733878115713477	0.20517334756965144	0.5214388408590008
13417	0.25511592475171524	0.4725728157693973	0.2723112594788875
8454	0.7690340806003118	0.07925406090492133	0.15171185849476693
10436	0.20183164252792296	0.5650552145903508	0.23311314288172622
3425	0.3709150294781482	0.18370563219623148	0.44537933832562027
8756	0.23259506986973374	0.10720617156077107	0.6601987585694952
11486	0.31386914979754993	0.5731151864853556	0.11301566371709432
3237	0.18948035642029634	0.10348563505321742	0.7070340085264862
13176	0.4527516176970738	0.19034786948113325	0.356900512821793
6377	0.4797879760588051	0.16881012271784965	0.35140190122334536
6030	0.6429896279780665	0.11885571905575268	0.2381546529661807
12961	0.15626963659271748	0.6317768326302278	0.21195353077705478
2930	0.5318402374278546	0.13219418448245873	0.33596557808968686
15120	0.37162035495644974	0.20957277150492587	0.4188068735386245
3285	0.4245766475196019	0.17603957797629016	0.399383774504108
409	0.42561410204259315	0.23946504774927244	0.33492085020813456
14097	0.21472910197617848	0.540140824056222	0.2451300739675995
11571	0.3069967755866745	0.3653142387205472	0.32768898569277827
6568	0.3136200642599451	0.24523533989152288	0.44114459584853194
2808	0.23337203362321499	0.1747800555250466	0.5918479108517384
15173	0.52206163369245	0.13872016315128496	0.339218203156265
12717	0.45166830197667146	0.17793502836041414	0.3703966696629144
13066	0.39719945806031115	0.19997013594980623	0.4028304059898828
14912	0.32693670691601934	0.19005275601959382	0.483010537064387
14356	0.3660606225760811	0.1839989841026513	0.44994039332126745
13715	0.43556023945229916	0.30584302393074103	0.2585967366169598
12060	0.48548710311453064	0.15921321096548846	0.3552996859199808
6068	0.7280890866397359	0.09490509282767222	0.1770058205325918
5226	0.5158897006846905	0.11550530359878572	0.3686049957165239
4655	0.030897788130724146	0.04313456762843039	0.9259676442408453
13717	0.3723622164088056	0.17722596341121857	0.4504118201799758
10018	0.6785214698641898	0.13454527381488107	0.1869332563209291
6631	0.38259946037778636	0.15863483762552516	0.4587657019966885
3867	0.6392224497067948	0.10675583982041874	0.25402171047278654
5698	0.280241360867881	0.10303549318663488	0.6167231459454842
13552	0.37562757732678836	0.17630392406033119	0.44806849861288045
10561	0.1424775420513534	0.24751597604986425	0.6100064818987823
1575	0.7643512995695064	0.0864879169310223	0.14916078349947118
6140	0.8024295727522384	0.07779708068599311	0.11977334656176851
11485	0.2644034588908234	0.46841881050567014	0.26717773060350636
13820	0.4307324646320032	0.16526133323322056	0.4040062021347762
1070	0.3729203750050079	0.0689338014069383	0.5581458235880536
874	0.15147650304605864	0.7453685195152406	0.10315497743870086
13677	0.22835032495524935	0.5967667079419332	0.17488296710281756
8225	0.34782886839745053	0.2175075412189354	0.43466359038361396
2629	0.4867728827751761	0.1449198449757064	0.3683072722491176
182	0.42550499878401477	0.41540787609017116	0.159087125125814
2725	0.36955066223865773	0.2359902056103248	0.3944591321510174
13670	0.2904096258728944	0.550247517390646	0.15934285673645954
9335	0.1292958298115773	0.11372292913877556	0.756981241049647
5325	0.5224611761834305	0.13484254824957465	0.34269627556699495
5972	0.7767569689215635	0.08160058091720522	0.14164245016123125
2700	0.5827879321565482	0.1327263553825152	0.2844857124609365
10420	0.3751248008085268	0.1366440103232488	0.48823118886822436
3251	0.20913994760898644	0.10402577342050903	0.6868342789705045
11393	0.306918146770267	0.3654767960962874	0.3276050571334455
13068	0.5827549248810843	0.14441860333349738	0.2728264717854184
2195	0.323025010192837	0.1478204897234817	0.5291545000836813
8344	0.35536302504366807	0.14925120112225612	0.4953857738340758
15250	0.45387905864816513	0.17297964490539966	0.3731412964464353
2146	0.399375968854204	0.17432930575720365	0.42629472538859237
283	0.4197758765811163	0.4045225202396399	0.17570160317924385
122	0.35085296043689324	0.31139914345155933	0.3377478961115476
2963	0.657931308585011	0.09658987233363048	0.2454788190813585
1111	0.17107721525755476	0.07432920663899095	0.7545935781034543
1122	0.16694648715176558	0.07011692825239892	0.7629365845958355
